[[2.07802869e-05 9.97700316e-01 3.43334006e-04 1.45688618e-04
  2.02139699e-04 5.69788081e-04 5.27633267e-04 7.03575456e-05
  3.90436703e-04 2.95262741e-05]]
[[0.00940125 0.25199926 0.01550238 0.0013478  0.00703472 0.35542477
  0.04772328 0.00072092 0.30860024 0.00224538]]
[[5.08226385e-04 1.72446307e-06 9.64609780e-05 3.29281654e-05
  2.43083516e-05 3.28280064e-04 9.98935908e-01 6.91357781e-09
  7.20666697e-05 8.96199125e-08]]
[[2.51560332e-05 7.99856131e-04 7.54941361e-04 2.53064326e-03
  1.38062154e-03 1.20769973e-03 8.30973965e-07 9.05053535e-01
  2.64711823e-02 6.17755333e-02]]
[[5.72543207e-05 1.27858500e-02 5.74161352e-02 6.48293073e-01
  8.99794438e-04 8.37924191e-03 2.50319872e-04 2.23035045e-02
  2.04294234e-01 4.53205928e-02]]
[[8.38138487e-01 5.35095231e-05 3.48686236e-02 1.56151516e-02
  6.12067622e-04 7.21025861e-03 2.58759342e-03 9.76504933e-03
  9.06539132e-02 4.95346189e-04]]
[[9.62530757e-04 6.03647159e-01 1.60592292e-02 1.09185170e-03
  1.59068881e-04 5.66654067e-02 2.40311509e-03 3.00574911e-03
  3.15594096e-01 4.11793688e-04]]
[[2.90752959e-04 9.74981191e-01 3.48115854e-03 4.55607510e-03
  1.13026684e-03 3.23865617e-03 5.61274508e-03 7.45627922e-04
  5.41111285e-03 5.52413322e-04]]
[[4.31621634e-04 2.64081274e-05 9.28420484e-03 9.85719454e-03
  4.71144831e-05 3.69275773e-04 4.80307857e-06 9.77570685e-01
  1.04687005e-03 1.36182232e-03]]
[[0.04121539 0.02738522 0.05593281 0.55205486 0.00758685 0.17736286
  0.02633966 0.0202273  0.05901323 0.03288182]]
[[0.1603335  0.04391779 0.0093692  0.09379696 0.04610308 0.02032478
  0.00143517 0.01606109 0.56385515 0.04480329]]
[[1.49580837e-04 4.73759568e-03 1.00918921e-04 1.79449147e-03
  1.34918545e-01 6.25866925e-02 2.14376663e-04 3.40679155e-04
  4.34472486e-01 3.60684634e-01]]
[[0.04839372 0.00279705 0.04350829 0.72576754 0.00434662 0.04783838
  0.00942185 0.05347309 0.0403207  0.02413277]]
[[6.90714394e-05 4.37925312e-05 2.50124679e-03 1.10718480e-04
  4.92200302e-04 2.48089132e-04 3.24002019e-04 4.05960867e-04
  9.94800989e-01 1.00392924e-03]]
[[2.99612510e-02 2.63298684e-04 2.66808434e-03 3.60446601e-05
  1.09612019e-05 6.00683309e-03 9.43180913e-01 3.32663030e-08
  1.78724645e-02 1.16189506e-07]]
[[9.03129482e-04 1.08435859e-02 1.26867703e-04 1.02924310e-04
  9.81515063e-01 7.51641996e-04 2.23752735e-03 2.22782104e-04
  1.69126831e-03 1.60520988e-03]]
[[1.87314195e-04 1.23317268e-03 1.70021723e-02 8.02408939e-03
  3.28860790e-04 3.04802248e-04 4.65831437e-05 9.67433511e-01
  1.38007336e-03 4.05942122e-03]]
[[2.23555992e-03 1.09461482e-03 1.23367805e-03 1.00377202e-01
  2.07099193e-03 8.07448918e-01 3.40198574e-02 3.14068584e-05
  4.46923829e-02 6.79538834e-03]]
[[1.58368482e-03 2.32156583e-05 7.39584609e-04 1.47042645e-04
  4.81009472e-04 9.82621515e-01 4.30777581e-03 7.09483686e-04
  8.76291001e-03 6.23778013e-04]]
[[0.0336075  0.00430542 0.00312576 0.83606163 0.00791164 0.01312899
  0.00105193 0.00284636 0.08296029 0.01500048]]
[[1.05098241e-01 6.94318345e-07 2.61534923e-03 1.33593372e-01
  4.38500822e-07 7.53557568e-01 4.06583189e-05 3.96577465e-03
  1.12582391e-03 2.07998344e-06]]
[[8.90539334e-05 2.37393091e-03 9.36196085e-01 3.52410152e-04
  1.23560736e-03 7.20343271e-03 7.02040019e-03 4.37016954e-05
  4.53405208e-02 1.44856797e-04]]
[[1.70892608e-01 1.69595639e-04 2.62689539e-01 8.76936424e-02
  1.28534258e-03 2.04836596e-01 3.26632639e-03 2.11607403e-01
  3.88376761e-02 1.87212715e-02]]
[[3.81370446e-04 8.30029404e-01 5.00924701e-04 2.82999129e-02
  1.19713930e-01 2.88713819e-03 3.87477813e-04 2.53957734e-03
  5.19756125e-03 1.00627025e-02]]
[[2.81573052e-01 1.07961914e-05 1.57163687e-04 9.89580480e-03
  6.80872194e-04 6.93639227e-01 9.51255280e-03 4.52730632e-05
  4.13312746e-03 3.52130987e-04]]
[[2.78062044e-04 1.23893015e-06 5.50634524e-05 2.02682018e-04
  8.06936982e-05 2.28681929e-04 2.24000042e-08 9.73213457e-01
  3.63955028e-04 2.55761432e-02]]
[[1.88141233e-03 1.31041336e-02 5.05188038e-01 4.04419015e-01
  8.96520918e-05 4.40141791e-03 5.05687409e-02 1.74385639e-03
  1.83841321e-02 2.19601494e-04]]
[[0.02567781 0.00150074 0.00182449 0.02245662 0.02736074 0.10300163
  0.00244997 0.00905692 0.64466112 0.16200996]]
[[7.31954411e-01 1.51291405e-04 2.27149005e-02 1.12685612e-01
  1.68479690e-03 7.19453059e-02 4.60667843e-03 1.13351754e-04
  5.34710273e-02 6.72625531e-04]]
[[2.03352233e-02 3.32231885e-05 4.69017125e-06 6.96003545e-03
  9.45352483e-05 9.71940622e-01 2.31604020e-04 1.95611232e-06
  3.91488554e-04 6.62188517e-06]]
[[9.96030801e-01 2.95476267e-06 8.81493392e-04 4.41235929e-04
  1.58895128e-05 1.38109561e-03 1.18788806e-03 1.58926991e-05
  2.00985747e-05 2.26502546e-05]]
[[0.02914106 0.00506466 0.07337697 0.00716899 0.01127087 0.82862428
  0.00852369 0.00347079 0.02611779 0.00724092]]
[[3.26753941e-03 4.37935789e-03 3.21424160e-02 7.26429256e-04
  6.51759941e-02 1.46226805e-02 6.87371639e-01 2.04581418e-04
  1.86867422e-01 5.24193986e-03]]
[[7.41347741e-04 5.30309769e-01 1.50472598e-02 2.58936726e-03
  2.47844286e-05 1.48520779e-01 1.23881126e-01 2.17816671e-04
  1.78196057e-01 4.71693511e-04]]
[[4.02753590e-03 7.67070828e-01 6.83981655e-03 8.25499825e-03
  2.56613437e-03 2.74785479e-02 2.47719368e-02 5.90630487e-04
  1.57007997e-01 1.39157427e-03]]
[[9.34275804e-04 3.55932212e-05 1.35002615e-04 7.20392198e-05
  1.65600334e-01 1.28638228e-02 1.42181398e-05 3.14230502e-02
  5.27900365e-03 7.83642660e-01]]
[[2.65900896e-03 1.98590575e-07 1.32274251e-02 6.17938257e-06
  4.40950227e-07 1.12991367e-04 9.83988201e-01 6.18494640e-09
  5.54803601e-06 3.05131981e-10]]
[[1.62144445e-02 5.40509717e-03 9.26070916e-01 1.12309010e-02
  4.52263443e-04 1.97253232e-03 6.10145256e-03 4.55623693e-03
  2.77363503e-02 2.59806099e-04]]
[[0.00104678 0.03110524 0.02500549 0.01245174 0.01173039 0.06756937
  0.01262114 0.00209028 0.82760416 0.00877541]]
[[7.61725660e-01 2.08625804e-05 1.19487065e-02 4.48616753e-03
  3.13383127e-05 2.02286347e-01 5.38709105e-03 3.67587153e-04
  1.35477761e-02 1.98464381e-04]]
[[0.0011675  0.82614852 0.01390374 0.00871539 0.03966558 0.02431215
  0.00626841 0.04200341 0.01929672 0.01851857]]
[[1.57896600e-04 9.82552964e-01 3.62091373e-03 2.88718050e-03
  6.42567101e-04 2.67924007e-03 1.58786806e-03 2.22965857e-03
  2.04211795e-03 1.59959360e-03]]
[[0.08502775 0.00128908 0.22001701 0.00277061 0.02050112 0.38638223
  0.00721288 0.17083288 0.09634574 0.0096207 ]]
[[2.90030704e-02 4.22427934e-04 3.24773715e-03 1.57163822e-01
  5.68099206e-03 7.29088788e-03 9.60219249e-05 7.46560337e-01
  9.53355014e-03 4.10011533e-02]]
[[4.81570342e-04 2.20469524e-05 4.95362969e-04 6.71644765e-02
  5.41891075e-05 3.03572296e-04 1.40530256e-06 9.29668983e-01
  2.27780678e-04 1.58061292e-03]]
[[3.82753736e-02 3.48509596e-03 2.91538409e-02 2.01361336e-02
  4.91675316e-04 5.38687769e-02 2.17487605e-01 1.49568905e-04
  6.35152515e-01 1.79941465e-03]]
[[9.50038262e-05 3.36682759e-03 1.47293852e-02 9.35124958e-01
  2.47632752e-03 2.75695340e-02 4.06441982e-03 1.25941282e-03
  6.84869765e-03 4.46543350e-03]]
[[3.64543169e-04 1.37363893e-02 3.60177672e-04 3.91520641e-03
  3.85768658e-02 8.63011713e-02 5.12198158e-05 1.59952118e-01
  5.37705902e-02 6.42971719e-01]]
[[2.36255167e-04 9.41908917e-01 9.07472271e-03 2.70366196e-03
  3.45006439e-03 9.98588685e-03 6.21563135e-03 7.66971417e-03
  1.68695769e-02 1.88556960e-03]]
[[0.00102952 0.91641887 0.00214059 0.01971466 0.00092952 0.00369995
  0.0012652  0.00135328 0.04348846 0.00995993]]
[[7.40790833e-01 3.56577402e-05 1.23743838e-03 3.57851864e-03
  1.07392829e-04 2.06407996e-01 4.66672544e-02 5.65869532e-05
  8.26814772e-04 2.91506856e-04]]
[[1.56655025e-04 1.91804060e-04 3.98620985e-06 6.13618441e-04
  9.38464285e-01 1.58878443e-02 1.43413684e-05 1.18907224e-03
  1.07425013e-02 3.27358917e-02]]
[[3.64923455e-07 1.16496467e-06 2.06460923e-07 8.46741979e-05
  5.28716442e-04 1.84795976e-04 4.55542854e-09 1.38816310e-01
  1.00475948e-03 8.59379003e-01]]
[[5.82136718e-04 7.28308152e-01 1.00870141e-02 3.14984192e-02
  4.71426349e-02 1.17116112e-01 1.71690666e-02 2.28965625e-03
  4.00330030e-02 5.77380486e-03]]
[[1.18252981e-03 3.11267160e-03 8.74829693e-03 9.46921653e-01
  1.96855671e-04 2.27923599e-02 4.25927395e-03 2.34156001e-04
  8.31505403e-03 4.23714933e-03]]
[[0.00405682 0.00816238 0.02143237 0.68386538 0.01239434 0.02139752
  0.21685264 0.00132745 0.02886568 0.00164542]]
[[0.00577004 0.00096062 0.01742357 0.67308626 0.00757875 0.13368238
  0.00993396 0.00647227 0.12327183 0.02182033]]
[[7.30232383e-03 3.64160670e-06 4.63958569e-03 1.22101263e-05
  7.61535741e-05 3.16810695e-03 9.84279794e-01 6.49672244e-07
  5.17269105e-04 2.65309574e-07]]
[[1.46361344e-05 8.74470037e-05 2.87295809e-05 9.06235598e-05
  1.73072078e-04 1.64459212e-04 9.37534387e-08 9.52597531e-01
  2.37934487e-03 4.44640627e-02]]
[[0.04769672 0.02526912 0.00462676 0.00485606 0.49722158 0.13692103
  0.02616035 0.00155188 0.22933731 0.02635918]]
[[0.00165008 0.90379263 0.01887187 0.00210233 0.03439823 0.00950516
  0.0027786  0.00966927 0.01288159 0.00435023]]
[[1.47974070e-02 9.30696592e-07 4.01613405e-06 3.55011943e-06
  9.77246619e-01 2.10587054e-04 2.07651035e-04 5.10632752e-05
  9.05280294e-04 6.57289579e-03]]
[[0.52986425 0.00158981 0.0115708  0.00143825 0.0545255  0.10201732
  0.09377278 0.00053892 0.20261846 0.00206391]]
[[1.60618823e-01 2.38862518e-05 6.72810371e-03 9.72219311e-05
  3.73360960e-03 5.10915656e-02 7.75929444e-01 1.30441887e-06
  1.68782495e-03 8.82164230e-05]]
[[0.02646025 0.06931738 0.0440553  0.01374247 0.28530131 0.21222152
  0.02246953 0.03421156 0.28037406 0.01184663]]
[[2.53301549e-04 1.14385657e-03 1.58055967e-03 1.54776083e-03
  1.87347235e-02 1.43367356e-02 7.34685070e-04 6.47514076e-02
  2.45205395e-01 6.51711575e-01]]
[[2.49740855e-02 1.27336614e-03 1.47366676e-01 3.75865845e-04
  5.07208916e-03 3.86080068e-03 8.11297992e-01 2.85411085e-05
  5.72344167e-03 2.71414994e-05]]
[[7.69145362e-02 1.59265335e-03 6.42830885e-03 2.69933224e-04
  5.32479810e-01 8.31988574e-02 7.69517172e-02 8.39235535e-03
  1.61589794e-01 5.21820341e-02]]
[[2.83223457e-04 7.11350151e-05 4.07976437e-04 1.22223784e-05
  9.97201626e-01 3.32289356e-05 1.35448847e-03 2.34526618e-04
  2.18865523e-04 1.82707115e-04]]
[[7.90520433e-04 5.37916496e-05 9.65700987e-03 9.67709044e-01
  4.96532420e-05 6.81067825e-04 5.65268443e-05 1.41261495e-02
  4.31113082e-03 2.56510561e-03]]
[[3.23087906e-03 9.47299057e-04 5.05470043e-01 8.09998153e-04
  2.79233854e-04 3.88792019e-01 8.01498681e-03 1.64624884e-02
  7.36288767e-02 2.36417569e-03]]
[[2.25309205e-05 4.42348570e-06 9.94223893e-01 1.89214416e-04
  3.29420786e-06 2.94135645e-05 3.65634957e-05 3.85783307e-03
  1.61900092e-03 1.38326820e-05]]
[[0.00240782 0.03065107 0.18679844 0.01458409 0.00563502 0.0310049
  0.05695855 0.01118374 0.65479951 0.00597688]]
[[1.16636874e-05 8.42711468e-05 4.07285808e-07 9.05346449e-05
  9.83907733e-01 1.36077548e-04 1.41250151e-06 2.49760207e-04
  3.16239663e-04 1.52019008e-02]]
[[1.06467411e-02 2.30299654e-05 6.67475585e-04 5.92254156e-01
  4.48357926e-05 3.80649054e-01 8.57241766e-03 1.31868289e-03
  4.60482841e-03 1.21877835e-03]]
[[8.86634529e-05 1.70872347e-02 8.73721547e-05 2.07844550e-04
  9.54662599e-01 4.83302084e-03 1.21795924e-04 9.57669033e-04
  4.92840895e-03 1.70253915e-02]]
[[5.01729247e-02 4.59979489e-05 2.54712465e-02 9.99294271e-05
  2.60542988e-03 2.00405621e-02 8.94957395e-01 2.19560885e-05
  6.55221553e-03 3.23423605e-05]]
[[1.78348357e-04 3.45552035e-06 3.10441992e-04 2.95927614e-03
  5.46944830e-04 2.33486646e-03 1.06395571e-06 9.28056311e-01
  9.16453438e-04 6.46928383e-02]]
[[1.72153252e-07 8.71316553e-06 3.40300819e-04 7.79356366e-05
  2.12577264e-04 4.93316363e-05 3.17292201e-09 8.68635475e-01
  2.95447743e-02 1.01130717e-01]]
[[3.64830058e-03 6.42340823e-03 9.19391588e-01 3.92994398e-03
  6.51809573e-04 6.81955259e-04 5.17609611e-02 8.99196521e-03
  4.26193261e-03 2.58135426e-04]]
[[6.98304802e-05 2.41330227e-02 2.62225147e-02 1.24148351e-03
  1.86615048e-03 1.47429204e-02 1.88415064e-04 6.37885790e-04
  9.30250934e-01 6.46843330e-04]]
[[1.24097526e-02 1.08449685e-04 2.65696870e-01 3.79914618e-01
  1.69352765e-07 1.42987458e-03 3.22494230e-04 1.78239739e-03
  3.38309026e-01 2.63483040e-05]]
[[8.84007683e-04 1.26175583e-05 1.77901150e-03 1.66216103e-02
  6.01408980e-05 2.01112662e-04 8.41448780e-08 9.69737229e-01
  3.28446954e-03 7.41971646e-03]]
[[0.00201287 0.0056319  0.01314104 0.01518138 0.01707903 0.06442637
  0.00687209 0.00631435 0.8499745  0.01936648]]
[[3.03214823e-04 6.14604814e-03 2.06186883e-04 2.65566924e-03
  7.23194619e-02 1.27873485e-02 2.54695989e-05 3.96516965e-02
  4.45068491e-02 8.21398055e-01]]
[[2.59379481e-02 7.07601891e-04 2.66637579e-01 5.43467737e-02
  1.22575903e-04 4.47827460e-01 3.31207802e-03 1.54926675e-01
  4.24132622e-02 3.76804598e-03]]
[[1.80705016e-03 8.49339352e-01 4.90901782e-02 5.24251551e-03
  4.39307568e-03 3.92669257e-02 3.59997056e-02 6.05685023e-04
  1.28324058e-02 1.42310666e-03]]
[[5.76168152e-04 2.20141789e-03 1.23520894e-03 1.17507564e-02
  8.46574292e-02 1.18900818e-03 8.32089329e-05 2.08166626e-01
  2.77167516e-02 6.62423425e-01]]
[[0.00072902 0.05133194 0.10696086 0.05157683 0.01022216 0.00964902
  0.00755488 0.02940027 0.72474403 0.00783099]]
[[3.05670470e-05 1.91174996e-06 7.66531153e-03 4.87978247e-07
  8.56293485e-07 2.64695532e-04 9.92012713e-01 7.73987591e-09
  2.34445079e-05 4.29605974e-09]]
[[8.48744318e-06 1.52018392e-06 7.73932118e-07 1.99670311e-04
  1.23917427e-02 3.18537811e-02 9.77136352e-08 2.22606699e-02
  9.76395694e-04 9.32306861e-01]]
[[2.03483024e-02 3.83020173e-03 1.95101127e-02 1.78394249e-01
  2.13265773e-02 1.31165500e-01 2.08421097e-01 2.14089567e-04
  3.97913773e-01 1.88760971e-02]]
[[6.93577641e-04 8.12766612e-01 4.62694190e-03 7.76301727e-02
  7.78569110e-03 1.94419291e-02 7.37845394e-03 2.10222742e-03
  6.39806611e-02 3.59373305e-03]]
[[0.00290876 0.04127581 0.26224339 0.04060323 0.00434548 0.01159875
  0.02233058 0.08795449 0.48654662 0.04019289]]
[[8.74724526e-04 9.49718195e-01 9.89277030e-03 4.81738543e-03
  4.85195889e-03 7.50943433e-03 3.09140136e-03 2.78991230e-03
  1.53197633e-02 1.13445463e-03]]
[[3.11494561e-02 2.07314766e-04 8.89095703e-01 4.40626020e-03
  1.93420462e-04 1.45805982e-02 3.78628374e-02 1.55599583e-02
  6.78526905e-03 1.59182787e-04]]
[[2.35189063e-06 1.56280644e-06 3.06999920e-05 9.98120943e-01
  5.56101888e-07 3.38131970e-05 2.06986645e-07 5.56093736e-05
  1.74856627e-03 5.69070657e-06]]
[[3.77098260e-01 1.56768951e-04 2.24734129e-02 2.73694978e-04
  5.62404964e-03 5.82363168e-02 5.28510941e-01 7.12381777e-05
  7.37860158e-03 1.76715469e-04]]
[[8.72354276e-01 8.19591036e-05 7.20707986e-02 1.19018265e-02
  5.57876360e-04 1.40130506e-02 9.74258327e-04 8.59189146e-03
  1.86397566e-02 8.14306689e-04]]
[[8.46903286e-04 4.87428573e-02 8.66551861e-02 6.36694322e-03
  1.37645527e-02 3.70870574e-04 1.65676533e-04 7.64389926e-01
  4.79934867e-02 3.07035976e-02]]