[[0.06003321 0.12941585 0.17696669 0.06839365 0.0999772  0.11159679
  0.13244196 0.08631104 0.04515731 0.08970629]]
[[0.14587005 0.11759019 0.02933595 0.03896291 0.04315719 0.11520467
  0.1620764  0.15935894 0.06162231 0.12682139]]
[[0.14674488 0.06359035 0.05307543 0.06019899 0.06821469 0.07724376
  0.18337924 0.07445227 0.23943256 0.03366784]]
[[0.08169909 0.05737002 0.16987266 0.11269333 0.07188314 0.06556147
  0.0503277  0.2109429  0.11494996 0.06469972]]
[[0.27891789 0.06057563 0.07486173 0.12213561 0.09533383 0.03090675
  0.09546212 0.063869   0.05676661 0.12117083]]
[[0.11780001 0.02720019 0.02392383 0.0630824  0.12364152 0.06850572
  0.12570759 0.0670375  0.12914892 0.25395233]]
[[0.1839277  0.08246915 0.07820144 0.27791799 0.03950325 0.04200032
  0.08337388 0.08093478 0.06266437 0.06900712]]
[[0.09710144 0.18729476 0.11926823 0.09737033 0.07834991 0.07081475
  0.10367534 0.05847285 0.0829632  0.10468918]]
[[0.14657443 0.06590895 0.13956908 0.06166219 0.06978314 0.05985487
  0.06957804 0.12454293 0.1596488  0.10287756]]
[[0.20385531 0.11953524 0.02637095 0.11377559 0.06590567 0.05435179
  0.1042019  0.06550637 0.16969421 0.07680297]]
[[0.0834905  0.07210426 0.13491819 0.11433237 0.1634892  0.07682413
  0.07402312 0.07143087 0.11696855 0.09241881]]
[[0.04673934 0.11985828 0.07068218 0.07004121 0.17875831 0.09923116
  0.06548524 0.04819488 0.23021838 0.07079102]]
[[0.18425494 0.11114625 0.10854391 0.13747286 0.06765684 0.06819974
  0.05163257 0.08334662 0.12460316 0.06314312]]
[[0.04192391 0.06616939 0.06654332 0.0413472  0.08541216 0.12243683
  0.07807653 0.13475949 0.20771398 0.1556172 ]]
[[0.16853067 0.06533504 0.04038519 0.03409157 0.30357754 0.17001592
  0.03577682 0.04280809 0.12406344 0.01541573]]
[[0.06998498 0.05052604 0.08978861 0.0598971  0.27637455 0.04090503
  0.08022524 0.08817819 0.08456012 0.15956015]]
[[0.04869975 0.05146968 0.08186366 0.18652843 0.09717533 0.06625391
  0.06812717 0.1079186  0.08295266 0.2090108 ]]
[[0.12054696 0.09347417 0.08077173 0.16380652 0.11723131 0.09651401
  0.06546074 0.11411198 0.08754848 0.06053411]]
[[0.11006051 0.12863517 0.09424546 0.04669387 0.12798979 0.12955962
  0.13998133 0.04560342 0.0670014  0.11022943]]
[[0.10456247 0.09858083 0.20927606 0.09685252 0.07020025 0.09047956
  0.05408638 0.07538648 0.09933928 0.10123617]]
[[0.19562927 0.02470527 0.25131501 0.05341415 0.079849   0.15433831
  0.05984798 0.0503664  0.08096989 0.04956474]]
[[0.08797081 0.05191279 0.07216066 0.07350556 0.10945191 0.03302954
  0.09490898 0.24241966 0.05175857 0.18288151]]
[[0.07621177 0.07513532 0.08387795 0.0397067  0.13894555 0.13327069
  0.07675773 0.10780768 0.12885506 0.13943156]]
[[0.12537081 0.12197969 0.08670962 0.0977483  0.09728188 0.08589467
  0.12014359 0.10179315 0.07376019 0.08931812]]
[[0.05748728 0.04506661 0.12959892 0.11992494 0.09516411 0.17063507
  0.08029286 0.02725073 0.08538686 0.18919263]]
[[0.07057701 0.06465028 0.04928667 0.0502586  0.06716616 0.08092628
  0.04350392 0.1184272  0.11810514 0.33709874]]
[[0.12624675 0.11450021 0.07970077 0.09941839 0.06729431 0.08304945
  0.10168644 0.09901801 0.15248326 0.0766024 ]]
[[0.05710075 0.07498212 0.08040782 0.09032756 0.08314061 0.06790642
  0.07892964 0.12765384 0.15206691 0.18748432]]
[[0.14556272 0.09259581 0.07568249 0.20989367 0.03662289 0.09580439
  0.10778278 0.07929428 0.09617283 0.06058813]]
[[0.08275961 0.00963953 0.08629552 0.06467549 0.07245054 0.21187779
  0.22230453 0.02518585 0.16851394 0.0562972 ]]
[[0.26734539 0.03653577 0.06743853 0.04945107 0.06526042 0.05928697
  0.05719692 0.06689946 0.22982485 0.10076063]]
[[0.15586997 0.11103594 0.12275288 0.11627925 0.10331635 0.12099657
  0.07528913 0.05126052 0.06992094 0.07327844]]
[[0.08477033 0.08269795 0.08378284 0.05775997 0.11835632 0.04270012
  0.17257023 0.06363795 0.1623315  0.13139279]]
[[0.06518223 0.10057602 0.11956514 0.04109511 0.06694856 0.03925553
  0.29243963 0.01819335 0.12855463 0.12818979]]
[[0.17304737 0.13078871 0.20335782 0.05621778 0.05866929 0.07925432
  0.08747008 0.06550885 0.1129434  0.03274237]]
[[0.18023642 0.07885931 0.02567649 0.08149592 0.24834812 0.0457954
  0.03439387 0.10246136 0.08092942 0.12180369]]
[[0.1465762  0.03981427 0.21152199 0.097931   0.06961347 0.05740138
  0.14867443 0.10469131 0.05506763 0.06870831]]
[[0.10201693 0.07541804 0.20822853 0.07046826 0.09299863 0.10453061
  0.05223021 0.08116973 0.11065779 0.10228127]]
[[0.09264234 0.1154441  0.0710409  0.14564581 0.12090736 0.11747527
  0.05757024 0.06148086 0.08218543 0.13560769]]
[[0.07852894 0.03874598 0.0956648  0.15974643 0.07683995 0.20647908
  0.10784052 0.08907919 0.09395248 0.05312262]]
[[0.11287318 0.10389977 0.10401623 0.11770371 0.07052928 0.05170619
  0.1044424  0.14712184 0.10086182 0.08684558]]
[[0.14727879 0.1587189  0.10976753 0.105551   0.06574059 0.07702468
  0.09739372 0.06074368 0.12096962 0.05681149]]
[[0.09702074 0.07100414 0.17774156 0.10348623 0.11877245 0.10270607
  0.08665248 0.04134051 0.11643363 0.08484218]]
[[0.17905513 0.03323838 0.10096985 0.04108819 0.11050147 0.22014554
  0.12204471 0.03160756 0.11714778 0.04420138]]
[[0.26613644 0.04801148 0.07115489 0.05730069 0.08741125 0.12271626
  0.07533474 0.09586796 0.09756793 0.07849836]]
[[0.22925784 0.04917731 0.06948097 0.07407101 0.08530353 0.05168272
  0.10766682 0.07295106 0.13813689 0.12227185]]
[[0.04368614 0.08379061 0.20280225 0.06458717 0.16930195 0.10144076
  0.11182301 0.04675108 0.09981957 0.07599745]]
[[0.11029513 0.07597613 0.13789643 0.0658353  0.12102963 0.10779573
  0.07944375 0.12375937 0.08825544 0.0897131 ]]
[[0.1068542  0.15431456 0.1563658  0.10869266 0.05696576 0.09976082
  0.09195636 0.05977104 0.08396231 0.08135651]]
[[0.10826989 0.12111573 0.0964828  0.06669931 0.05492036 0.12146362
  0.10061797 0.07537225 0.15625175 0.09880633]]
[[0.06343118 0.07330085 0.13949612 0.1147132  0.10272432 0.09731117
  0.11214118 0.12731467 0.08827484 0.08129246]]
[[0.08381495 0.07743391 0.06966447 0.07796514 0.20342364 0.05560619
  0.056386   0.18320801 0.05663485 0.13586285]]
[[0.20856683 0.02940422 0.04298865 0.07917778 0.16523684 0.07256475
  0.03812143 0.13500448 0.05780861 0.17112641]]
[[0.13495454 0.10936249 0.10058573 0.07811355 0.05920028 0.11736696
  0.09913674 0.08664165 0.11566297 0.09897508]]
[[0.09158421 0.25752748 0.12193094 0.06623399 0.06811831 0.06682557
  0.06883417 0.06293715 0.08157315 0.11443504]]
[[0.11503938 0.1096273  0.08306788 0.13038514 0.08883803 0.0944557
  0.10021181 0.06034808 0.12161113 0.09641555]]
[[0.21966035 0.06968933 0.08095407 0.18177924 0.09892125 0.07400728
  0.10390268 0.04907462 0.05578078 0.06623041]]
[[0.12200299 0.07723191 0.05131806 0.11779222 0.11021292 0.12847097
  0.14684596 0.04161271 0.08744437 0.11706789]]
[[0.07004641 0.09184935 0.02525922 0.09863723 0.03113951 0.05566662
  0.07605324 0.07392993 0.02725262 0.45016588]]
[[0.0634585  0.05724472 0.09024517 0.10445505 0.15816329 0.1115521
  0.12370221 0.0471685  0.11257385 0.13143662]]
[[0.14434199 0.10259624 0.08296151 0.0958485  0.10851517 0.05654506
  0.17064311 0.05038999 0.08552709 0.10263134]]
[[0.21622741 0.0473032  0.094549   0.03290747 0.14599128 0.04420223
  0.16560847 0.03725178 0.11331052 0.10264864]]
[[0.0936534  0.06200151 0.08977046 0.08805521 0.11409529 0.03408696
  0.19267056 0.12380753 0.13255517 0.0693039 ]]
[[0.08938636 0.02121635 0.0441988  0.16968497 0.15243563 0.07000871
  0.21033062 0.03988566 0.15785296 0.04499994]]
[[0.15549896 0.05203135 0.10683428 0.10919234 0.09981083 0.05500542
  0.1451721  0.06253894 0.13490214 0.07901364]]
[[0.10325517 0.07784127 0.17236249 0.0849912  0.04113519 0.07248033
  0.06625217 0.09925486 0.19475281 0.0876745 ]]
[[0.09067736 0.032418   0.15584741 0.0718324  0.06541049 0.07436128
  0.2007344  0.09835479 0.17855599 0.03180789]]
[[0.10451963 0.1104984  0.13026163 0.11190174 0.09899949 0.1124903
  0.1024092  0.03992432 0.11203507 0.07696022]]
[[0.24300143 0.06094488 0.09953289 0.06562976 0.09918163 0.07048341
  0.05572987 0.06649039 0.07212835 0.16687739]]
[[0.1415044  0.02363339 0.05229433 0.11223818 0.05484837 0.12611499
  0.08768951 0.15623849 0.15051325 0.09492511]]
[[0.12334447 0.07583184 0.09992766 0.12007783 0.0530993  0.12517346
  0.11750326 0.04458777 0.14533532 0.0951191 ]]
[[0.04949743 0.09922249 0.03604603 0.07724169 0.16772789 0.05025558
  0.14551042 0.07302511 0.2102823  0.09119106]]
[[0.10959731 0.03666792 0.12549834 0.04090059 0.04969727 0.08246714
  0.06092739 0.07383335 0.22178729 0.19862338]]
[[0.12095376 0.05953318 0.03032928 0.12588595 0.13760593 0.07884469
  0.06378602 0.0661408  0.1058182  0.2111022 ]]
[[0.0797325  0.13299281 0.03040241 0.13343692 0.12774722 0.10109445
  0.08691179 0.08122699 0.18323887 0.04321604]]
[[0.07487967 0.08629714 0.03573678 0.12179295 0.26694001 0.13424231
  0.03168469 0.09126118 0.07397209 0.08319318]]
[[0.08593673 0.05097486 0.0845409  0.0713549  0.14029934 0.09709559
  0.21819818 0.12988751 0.062595   0.05911698]]
[[0.06019283 0.03624514 0.11245982 0.10495115 0.14132253 0.06037997
  0.13607218 0.09904502 0.15029805 0.09903332]]
[[0.04231899 0.0654364  0.16401362 0.25652822 0.13477368 0.06412087
  0.0423387  0.07502833 0.0911067  0.06433449]]
[[0.11658703 0.12758659 0.19553702 0.02514398 0.05507783 0.0351354
  0.34765921 0.02743803 0.04903987 0.02079504]]
[[0.1318407  0.06699325 0.19240446 0.03906143 0.0904925  0.13067774
  0.10459031 0.02529562 0.10203171 0.11661229]]
[[0.19382551 0.04573342 0.16299882 0.05550791 0.12398439 0.19503358
  0.06031132 0.06696418 0.06688174 0.02875914]]
[[0.14616131 0.09253344 0.1593953  0.04717282 0.11497623 0.07420125
  0.06369534 0.12720959 0.05004411 0.1246106 ]]
[[0.03537234 0.04828044 0.09844879 0.1069909  0.05823384 0.10231157
  0.0640625  0.04463317 0.16520022 0.27646622]]
[[0.04079991 0.08581778 0.05446654 0.06886454 0.14374458 0.06206988
  0.12284895 0.09752317 0.14287158 0.18099306]]
[[0.07648414 0.05286562 0.13480581 0.07680599 0.11866338 0.11992672
  0.06737592 0.0679767  0.09920968 0.18588604]]
[[0.11195311 0.10614416 0.09181566 0.04302215 0.096853   0.12690327
  0.12537578 0.08696686 0.09596239 0.11500362]]
[[0.04515343 0.04453348 0.10791972 0.11650951 0.07024351 0.04682437
  0.08757731 0.14770823 0.1468722  0.18665825]]
[[0.06237709 0.08690629 0.0762514  0.10310977 0.08731572 0.06648022
  0.08912803 0.11784088 0.13559664 0.17499396]]
[[0.09056215 0.08119016 0.13353322 0.0901239  0.08811608 0.0315402
  0.32382193 0.02492545 0.09338243 0.04280448]]
[[0.09460437 0.05006443 0.03366643 0.0791704  0.19880736 0.07318185
  0.06814716 0.05311139 0.10858547 0.24066115]]
[[0.14569508 0.07798502 0.04587194 0.08558552 0.09772683 0.12881484
  0.14247823 0.05941556 0.0993414  0.11708558]]
[[0.07995153 0.12151687 0.13445704 0.07644456 0.12911153 0.14607695
  0.13440494 0.06003557 0.06767963 0.05032136]]
[[0.05310006 0.13577672 0.07691416 0.22716986 0.09626583 0.04730954
  0.10040935 0.06617399 0.12161567 0.07526482]]
[[0.17877009 0.1451556  0.12842078 0.07677925 0.04624418 0.05930305
  0.11654541 0.09010273 0.07020762 0.08847129]]
[[0.22493881 0.05866409 0.04844683 0.10771668 0.06181841 0.03145571
  0.17665874 0.12468533 0.11452211 0.0510933 ]]
[[0.11095396 0.04877518 0.13077737 0.09265726 0.11323107 0.06514492
  0.19777475 0.03351365 0.05676168 0.15041016]]
[[0.23176519 0.08440814 0.05991461 0.06515745 0.06007078 0.05424955
  0.23067842 0.05647507 0.06347831 0.09380248]]
[[0.22124779 0.04062798 0.09920747 0.07397004 0.17784626 0.09123084
  0.06088886 0.06386765 0.12527102 0.0458421 ]]
[[0.10690399 0.07350742 0.09035476 0.20299361 0.04243215 0.06815092
  0.0994696  0.08142721 0.15000966 0.08475067]]